name: dlnd
channels:
  - defaults
dependencies:
  - appdirs=1.4.3=py36_0
  - backports=1.0=py36h81696a8_1
  - backports.weakref=1.0rc1=py36_0
  - bleach=1.5.0=py36_0
  - ca-certificates=2017.08.26=h94faf87_0
  - certifi=2017.7.27.1=py36h043bc9e_0
  - colorama=0.3.9=py36h029ae33_0
  - cycler=0.10.0=py36h009560c_0
  - decorator=4.0.11=py36_0
  - entrypoints=0.2.2=py36_1
  - freetype=2.8=h51f8f2c_1
  - html5lib=0.9999999=py36_0
  - icc_rt=2017.0.4=h97af966_0
  - icu=58.2=ha66f8fd_1
  - intel-openmp=2018.0.0=hcd89f80_7
  - ipykernel=4.5.2=py36_0
  - ipython=5.3.0=py36_0
  - ipython_genutils=0.2.0=py36h3c5d0ee_0
  - ipywidgets=6.0.0=py36_0
  - jedi=0.10.2=py36hed927a0_0
  - jinja2=2.9.5=py36_0
  - jpeg=9b=hb83a4c4_2
  - jsonschema=2.6.0=py36h7636477_0
  - jupyter=1.0.0=py36h422fd7e_2
  - jupyter_client=5.0.0=py36_0
  - jupyter_console=5.1.0=py36_0
  - jupyter_core=4.3.0=py36h511e818_0
  - libpng=1.6.32=vc14h5163883_3
  - libprotobuf=3.4.1=h3dba5dd_0
  - markdown=2.6.9=py36_0
  - markupsafe=1.0=py36h0e26971_1
  - matplotlib=2.1.0=py36h11b4b9c_0
  - mistune=0.7.4=py36h4874169_0
  - mkl=2018.0.0=h36b65af_4
  - nbconvert=5.1.1=py36_0
  - nbformat=4.3.0=py36_0
  - notebook=4.4.1=py36_0
  - numpy=1.12.1=py36hf30b8aa_1
  - openssl=1.0.2m=h093b818_1
  - packaging=16.8=py36ha0986f6_1
  - pandas=0.19.2=np112py36_1
  - pandoc=1.19.2.1=hb2460c7_1
  - pandocfilters=1.4.1=py36h14eaca9_0
  - pexpect=4.2.1=py36hbf8b948_0
  - pickleshare=0.7.4=py36h9de030f_0
  - pip=9.0.1=py36h226ae91_4
  - prompt_toolkit=1.0.14=py36_0
  - protobuf=3.4.1=py36h07fa351_0
  - pygments=2.2.0=py36hb010967_0
  - pyparsing=2.2.0=py36h785a196_1
  - pyqt=5.6.0=py36hb5ed885_5
  - python=3.6.3=h3b118a2_4
  - python-dateutil=2.6.0=py36_0
  - pytz=2017.2=py36h05d413f_1
  - pyzmq=16.0.2=py36h38c27d9_2
  - qt=5.6.2=vc14h6f8c307_12
  - qtconsole=4.3.0=py36_0
  - setuptools=36.5.0=py36h65f9e6e_0
  - simplegeneric=0.8.1=py36heab741f_0
  - sip=4.18.1=py36h9c25514_2
  - six=1.10.0=py36h2c0fdd8_1
  - sqlite=3.20.1=h9eeafa9_2
  - tensorflow=1.2.1=py36_0
  - testpath=0.3=py36_0
  - tornado=4.5.1=py36_0
  - traitlets=4.3.2=py36h096827d_0
  - vc=14=h2379b0c_2
  - vs2015_runtime=14.0.25420=0
  - wcwidth=0.1.7=py36h3d5aa90_0
  - webencodings=0.5.1=py36h67c50ae_1
  - werkzeug=0.12.2=py36h866a736_0
  - wheel=0.29.0=py36h6ce6cde_1
  - widgetsnbextension=2.0.0=py36_0
  - wincertstore=0.2=py36h7fe50ca_0
  - zlib=1.2.11=h8395fce_2
  - pip:
    - appnope==0.1.0
    - ptyprocess==0.5.1
    - terminado==0.6
prefix: C:\Users\John.Conway\AppData\Local\Continuum\anaconda3\envs\dlnd

